id;religion;maritalstatus;cnic;cnic_content_type;cnicexpiry;cnicexpiry_content_type;bloodgroup;taxreturnfiler;taxreturnfiler_content_type;passportno;passportno_content_type;passportexpiry;passportexpiry_content_type;createdat;updatedat;totaltenure;employee_id
